         0      100.00000      100.00000
         0      100.00000      100.00000
         0      100.00000      100.00000
         0      100.00000      100.00000
         1        1.40450        0.67148
         0      100.00000      100.00000
         1        2.21515        1.33258
         0      100.00000      100.00000
         0      100.00000      100.00000
         0        2.57287        1.59933
         0      100.00000      100.00000
         0      100.00000      100.00000
         0        1.07622        0.00000
         0      100.00000      100.00000
         0      100.00000      100.00000
         0      100.00000      100.00000
         0      100.00000      100.00000
         1        2.30886        1.13718
         1        1.32971        0.14420
         1        2.29094        1.02174
         0        2.99561        1.68169
         0      100.00000      100.00000
         0      100.00000      100.00000
         0      100.00000      100.00000
         0        3.52506        1.92791
         0        3.53268        1.93135
         0      100.00000      100.00000
         0      100.00000      100.00000
         0      100.00000      100.00000
         0      100.00000      100.00000
         0      100.00000      100.00000
         0      100.00000      100.00000
         0        2.94566        1.00612
         0        3.23845        1.29262
         1        2.28945        0.24903
         0        2.05985        0.00000
         0      100.00000      100.00000
         0        2.55718        0.45134
         0      100.00000      100.00000
         0      100.00000      100.00000
         0      100.00000      100.00000
         0        2.30640        0.00000
         0        2.31356        0.00639
         0      100.00000      100.00000
         0        3.03750        0.60933
         0        3.46525        1.01722
         0      100.00000      100.00000
         0        2.56024        0.00000
         0      100.00000      100.00000
         0      100.00000      100.00000
         0        2.58372        0.00000
         0        2.58721        0.97341
         0      100.00000      100.00000
         0        3.53175        3.50400
         1        0.72561        0.69160
         0      100.00000      100.00000
         0      100.00000      100.00000
         0      100.00000      100.00000
         1        1.93891        1.51948
         0      100.00000      100.00000
         0      100.00000      100.00000
         1        2.18141        1.67101
         0      100.00000      100.00000
         1        0.60375        0.05850
         0       20.24621       19.63313
         0      100.00000      100.00000
         1        1.94829        1.28321
         0      100.00000      100.00000
         0        0.70724        0.00000
         0      100.00000      100.00000
         1        1.74483        1.02246
         1        2.28625        1.48019
         0      100.00000      100.00000
         0      100.00000      100.00000
         0        0.90920        0.00000
         0      100.00000      100.00000
         0      100.00000      100.00000
         0        1.13819        0.00000
         0      100.00000      100.00000
         1        1.97922        0.69073
         0      100.00000      100.00000
         1        1.46387        0.04249
         0        0.34399        0.00000
         1        1.51637        0.07519
         1        1.56229        0.08589
         0      100.00000      100.00000
         0      100.00000      100.00000
         0      100.00000      100.00000
         0      100.00000      100.00000
         0      100.00000      100.00000
         0      100.00000      100.00000
         0      100.00000      100.00000
         0        1.83188        0.00000
         0        1.84326        0.00000
         0        1.84403        0.00000
         0        1.89854        0.00079
         0      100.00000      100.00000
         0      100.00000      100.00000
         1        2.47378        0.40572
         0      100.00000      100.00000
         1        2.33995        0.21893
         0        2.14319        0.00000
         0      100.00000      100.00000
         0      100.00000      100.00000
         0      100.00000      100.00000
         1        1.17184        1.16558
         1        0.58846        0.39215
         0      100.00000      100.00000
         1        0.30597        0.04606
         0      100.00000      100.00000
         0      100.00000      100.00000
         1        0.57938        0.14357
         0      100.00000      100.00000
         0       99.64844       99.16239
         0      100.00000      100.00000
         0      100.00000      100.00000
         0      100.00000      100.00000
         1        1.94949        1.31216
         0      100.00000      100.00000
         1        1.16245        0.48296
         0        3.19950        2.51871
         0      100.00000      100.00000
         0      100.00000      100.00000
         1        0.85481        0.03178
         0        0.85927        0.00000
         0      100.00000      100.00000
         0      100.00000      100.00000
         0        1.10626        0.00000
         1        1.16243        0.05199
         0      100.00000      100.00000
         0        1.26074        0.00000
         0      100.00000      100.00000
         0      100.00000      100.00000
         0       11.43445       11.11821
         0      100.00000      100.00000
         0      100.00000      100.00000
         0      100.00000      100.00000
         0      100.00000      100.00000
         0      100.00000      100.00000
         0      100.00000      100.00000
         0      100.00000      100.00000
         0      100.00000      100.00000
         0      100.00000      100.00000
         0      100.00000      100.00000
         0      100.00000      100.00000
         0      100.00000      100.00000
         0      100.00000      100.00000
         0      100.00000      100.00000
         0      100.00000      100.00000
         0        2.04031        0.00000
         0      100.00000      100.00000
         0      100.00000      100.00000
         0        2.11544        0.00000
         1        2.37125        0.27842
         1        2.33196        1.20905
         0      100.00000      100.00000
         1        2.14620        1.95615
         0      100.00000      100.00000
         0      100.00000      100.00000
         1        1.91428        1.52886
         0      100.00000      100.00000
         0      100.00000      100.00000
         0      100.00000      100.00000
         0      100.00000      100.00000
         1        0.69160        0.18036
         0        0.57907        0.00000
         0      100.00000      100.00000
         1        1.94288        1.31181
         0      100.00000      100.00000
         0        0.67323        0.00000
         0      100.00000      100.00000
         0      100.00000      100.00000
         0      100.00000      100.00000
         0      100.00000      100.00000
         0      100.00000      100.00000
         0        0.87519        0.00000
         0      100.00000      100.00000
         1        2.14620        1.04620
         1        1.14853        0.04435
         0      100.00000      100.00000
         0        3.29331        2.03883
         0      100.00000      100.00000
         0      100.00000      100.00000
         1        0.67345        0.36347
         0        3.10776        1.70059
         0        3.10776        1.66537
         0      100.00000      100.00000
         0      100.00000      100.00000
         0      100.00000      100.00000
         0      100.00000      100.00000
         0        2.73763        1.12894
         0      100.00000      100.00000
         0      100.00000      100.00000
         0        1.79787        0.00000
         0      100.00000      100.00000
         0        2.75340        0.94338
         0      100.00000      100.00000
         0      100.00000      100.00000
         0        1.95088        0.00000
         1        2.18657        0.15252
         0      100.00000      100.00000
         0        2.08701        0.00000
         0        2.67864        0.56946
         0        2.95213        0.86556
         0        3.04626        1.92961
         0      100.00000      100.00000
         1        2.00417        1.95835
         1        0.39215        0.32855
         0      100.00000      100.00000
         0      100.00000      100.00000
         0      100.00000      100.00000
         0      100.00000      100.00000
         1        0.35618        0.06644
         0      100.00000      100.00000
         0      100.00000      100.00000
         1        1.49481        1.07148
         0      100.00000      100.00000
         0      100.00000      100.00000
         1        1.95615        1.47297
         1        2.03137        1.54689
         0      100.00000      100.00000
         0      100.00000      100.00000
         0      100.00000      100.00000
         0      100.00000      100.00000
         0      100.00000      100.00000
         0      100.00000      100.00000
         0        0.90995        0.00000
         1        2.02759        1.11346
         0      100.00000      100.00000
         0        1.06443        0.00000
         0      100.00000      100.00000
         0      100.00000      100.00000
         0      100.00000      100.00000
         1        1.60943        0.39231
         1        1.60943        0.35709
         0      100.00000      100.00000
         0        1.35322        0.00000
         0      100.00000      100.00000
         1        1.50339        0.50401
         0      100.00000      100.00000
         0      100.00000      100.00000
         1        1.72088        0.24110
         1        1.98046        0.37264
         0      100.00000      100.00000
         0        1.61997        0.00000
         0      100.00000      100.00000
         0        1.74097        0.00000
         0        1.76083        0.00000
         1        1.87503        0.03103
         1        2.00934        0.13630
         0        2.69693        0.79997
         1        2.39720        0.47807
         1        2.17161        0.27509
         1        2.06823        1.14163
         0      100.00000      100.00000
         0      100.00000      100.00000
         0      100.00000      100.00000
         1        0.87889        0.71899
         0      100.00000      100.00000
         0      100.00000      100.00000
         1        1.95836        1.71444
         0      100.00000      100.00000
         0      100.00000      100.00000
         1        0.89715        0.51964
         0      100.00000      100.00000
         1        1.70405        1.28426
         0      100.00000      100.00000
         1        1.45426        1.01560
         1        0.78133        0.32884
         1        1.49866        0.96248
         1        0.84335        0.26245
         0      100.00000      100.00000
         1        1.59278        0.95346
         1        0.87879        0.59748
         1        1.97285        1.10872
         0      100.00000      100.00000
         1        1.45421        0.58600
         0        3.79430        2.77569
         1        0.87888        0.66196
         0        2.96445        1.81295
         0      100.00000      100.00000
         1        2.29011        1.11881
         0      100.00000      100.00000
         0      100.00000      100.00000
         1        1.74303        0.43563
         1        1.55049        0.22366
         1        1.29727        0.34371
         0      100.00000      100.00000
         0        1.37794        0.00000
         0        1.43396        0.00000
         0      100.00000      100.00000
         0        1.57338        0.00000
         0        9.12000        7.54585
         0      100.00000      100.00000
         0        1.69515        0.00000
         1        2.32826        0.61325
         0      100.00000      100.00000
         0        1.82722        0.00000
         0      100.00000      100.00000
         0        1.87331        0.00000
         0      100.00000      100.00000
         0      100.00000      100.00000
         0        2.09237        0.00000
         0      100.00000      100.00000
         0      100.00000      100.00000
         1        0.31946        0.14356
         0      100.00000      100.00000
         0        0.22614        0.00000
         0      100.00000      100.00000
         1        1.44243        1.11701
         0      100.00000      100.00000
         0      100.00000      100.00000
         1        1.25810        0.85609
         1        0.90254        0.48296
         0      100.00000      100.00000
         0      100.00000      100.00000
         0      100.00000      100.00000
         1        0.59463        0.03151
         0        0.59936        0.00000
         0      100.00000      100.00000
         0      100.00000      100.00000
         0        0.84635        0.00000
         0      100.00000      100.00000
         1        1.25572        0.40532
         1        1.08584        0.08501
         0      100.00000      100.00000
         0      100.00000      100.00000
         0        3.33312        3.27679
         0      100.00000      100.00000
         0      100.00000      100.00000
         0      100.00000      100.00000
         0      100.00000      100.00000
         0      100.00000      100.00000
         0      100.00000      100.00000
         0      100.00000      100.00000
         0      100.00000      100.00000
         1        2.29295        0.87677
         1        2.25866        0.71444
         0      100.00000      100.00000
         0      100.00000      100.00000
         0      100.00000      100.00000
         0      100.00000      100.00000
         0      100.00000      100.00000
         1        2.27564        0.49524
         0      100.00000      100.00000
         0      100.00000      100.00000
         0        1.85553        0.00000
         0        1.83292        0.00000
         1        2.16492        1.30192
         0      100.00000      100.00000
         1        0.68187        0.67152
         1        1.01587        0.97174
         1        0.62103        0.53006
         0      100.00000      100.00000
         0      100.00000      100.00000
         1        0.74063        0.54698
         0      100.00000      100.00000
         1        0.62950        0.38385
         0      100.00000      100.00000
         1        1.52886        1.24105
         0      100.00000      100.00000
         0      100.00000      100.00000
         0      100.00000      100.00000
         0        0.43135        0.00000
         0      100.00000      100.00000
         1        2.39010        1.90033
         1        0.75654        0.70935
         0        2.83550        2.12092
         1        0.94605        0.22729
         0      100.00000      100.00000
         0      100.00000      100.00000
         0       47.59461       47.52724
         0      100.00000      100.00000
         0      100.00000      100.00000
         0      100.00000      100.00000
         0      100.00000      100.00000
         0      100.00000      100.00000
         0      100.00000      100.00000
         0      100.00000      100.00000
         0      100.00000      100.00000
         0      100.00000      100.00000
         0      100.00000      100.00000
         0      100.00000      100.00000
         0      100.00000      100.00000
         0        1.42383        0.00000
         1        2.37574        0.95114
         0        1.47832        0.00000
         1        2.43392        0.88832
         0      100.00000      100.00000
         0       15.32479       13.67616
         0      100.00000      100.00000
         1        2.39010        0.68851
         0      100.00000      100.00000
         0      100.00000      100.00000
         0      100.00000      100.00000
         0      100.00000      100.00000
         1        0.91502        0.88124
         0      100.00000      100.00000
         1        2.17764        2.09362
         0      100.00000      100.00000
         0      100.00000      100.00000
         0      100.00000      100.00000
         1        0.67151        0.43621
         0      100.00000      100.00000
         0      100.00000      100.00000
         0      100.00000      100.00000
         1        1.27750        0.98491
         0      100.00000      100.00000
         1        0.89977        0.47877
         0      100.00000      100.00000
         0      100.00000      100.00000
         0        0.12143        0.00000
         1        2.19171        1.48748
         0      100.00000      100.00000
         1        1.29436        0.58608
         0      100.00000      100.00000
         0        0.05704        0.00002
         1        2.11015        1.11855
         0      100.00000      100.00000
         0      100.00000      100.00000
         0      100.00000      100.00000
         0        1.05291        0.00000
         0      100.00000      100.00000
         0      100.00000      100.00000
         0      100.00000      100.00000
         0      100.00000      100.00000
         0        1.21804        0.00000
         0      100.00000      100.00000
         0      100.00000      100.00000
         0      100.00000      100.00000
         1        1.92190        0.50765
         0      100.00000      100.00000
         0        1.53525        0.00000
         0      100.00000      100.00000
         0      100.00000      100.00000
         0        1.66732        0.00000
         0      100.00000      100.00000
         0      100.00000      100.00000
         0      100.00000      100.00000
         0      100.00000      100.00000
         0      100.00000      100.00000
         1        0.18670        0.13986
         1        0.14357        0.09333
         0      100.00000      100.00000
         1        0.85688        0.70736
         0      100.00000      100.00000
         1        0.24190        0.04038
         1        1.08220        0.85609
         1        0.72664        0.48296
         0      100.00000      100.00000
         0      100.00000      100.00000
         0      100.00000      100.00000
         1        0.41892        0.03170
         0        0.42346        0.00000
         0      100.00000      100.00000
         0      100.00000      100.00000
         0      100.00000      100.00000
         0        0.67463        0.00000
         1        1.07982        0.40532
         0        0.82493        0.00000
         1        0.86598        0.84274
         0      100.00000      100.00000
         0      100.00000      100.00000
         0      100.00000      100.00000
         0      100.00000      100.00000
         0      100.00000      100.00000
         0      100.00000      100.00000
         0      100.00000      100.00000
         0      100.00000      100.00000
         0      100.00000      100.00000
         0      100.00000      100.00000
         0      100.00000      100.00000
         0      100.00000      100.00000
         0      100.00000      100.00000
         0      100.00000      100.00000
         0      100.00000      100.00000
         0      100.00000      100.00000
         0      100.00000      100.00000
         0      100.00000      100.00000
         0      100.00000      100.00000
         0      100.00000      100.00000
         0      100.00000      100.00000
         0        1.65702        0.00000
         1        2.05332        1.36622
         0      100.00000      100.00000
         0      100.00000      100.00000
         1        2.07501        2.04016
         1        0.75684        0.65416
         0      100.00000      100.00000
         0      100.00000      100.00000
         1        0.47637        0.29710
         0      100.00000      100.00000
         0      100.00000      100.00000
         1        0.77934        0.56737
         1        0.76243        0.46677
         0      100.00000      100.00000
         0      100.00000      100.00000
         1        1.23443        0.83563
         1        0.21197        0.25575
         0      100.00000      100.00000
         1        0.85496        0.22717
         0        4.93394        4.30628
         0      100.00000      100.00000
         0      100.00000      100.00000
         0      100.00000      100.00000
         1        2.10392        2.27033
         0      100.00000      100.00000
         1        1.13230        0.16630
         0        0.97229        0.00000
         0        1.06688        0.00000
         0        1.08631        0.00000
         0      100.00000      100.00000
         0        1.18486        0.00000
         0        4.93391        3.79649
         0      100.00000      100.00000
         0      100.00000      100.00000
         0        1.33286        0.00000
         0      100.00000      100.00000
         0        1.38735        0.00000
         0      100.00000      100.00000
         0      100.00000      100.00000
         0      100.00000      100.00000
         0      100.00000      100.00000
         0      100.00000      100.00000
         0      100.00000      100.00000
         0      100.00000      100.00000
         0      100.00000      100.00000
         0      100.00000      100.00000
         0      100.00000      100.00000
         0      100.00000      100.00000
         1        1.20079        1.06720
         1        0.22322        0.07194
         0      100.00000      100.00000
         1        0.81206        0.61862
         1        1.74450        1.54976
         0      100.00000      100.00000
         0      100.00000      100.00000
         0      100.00000      100.00000
         0      100.00000      100.00000
         0      100.00000      100.00000
         0        2.86475        2.91193
         0        0.62021        0.00000
         0      100.00000      100.00000
         0      100.00000      100.00000
         0        0.77469        0.00000
         1        2.09364        2.12064
         1        2.40748        1.49990
         0      100.00000      100.00000
         0        0.93039        0.00301
         0      100.00000      100.00000
         0      100.00000      100.00000
         0      100.00000      100.00000
         0      100.00000      100.00000
         1        1.20504        0.49540
         0      100.00000      100.00000
         0      100.00000      100.00000
         1        2.26948        1.07944
         1        1.73767        0.41959
         0      100.00000      100.00000
         0      100.00000      100.00000
         0      100.00000      100.00000
         0        1.45123        0.00000
         0        1.47109        0.00000
         0        1.55426        0.00000
         1        1.71960        0.13630
         0      100.00000      100.00000
         0        1.62939        0.00000
         0        1.61000        0.00322
         1        1.77840        1.14154
         0      100.00000      100.00000
         0      100.00000      100.00000
         1        1.71203        1.60989
         0      100.00000      100.00000
         0      100.00000      100.00000
         0        0.16199        0.00000
         0      100.00000      100.00000
         1        1.19962        1.02250
         1        1.74100        1.48019
         0      100.00000      100.00000
         0      100.00000      100.00000
         0        0.36395        0.00000
         0      100.00000      100.00000
         0      100.00000      100.00000
         0        0.59294        0.00000
         0      100.00000      100.00000
         1        2.27256        1.52932
         0      100.00000      100.00000
         0        0.87613        0.00000
         1        0.05847        0.25973
         1        1.03025        0.13432
         1        1.07526        0.14411
         1        1.95470        1.01726
         1        1.51076        0.47873
         1        1.80828        0.75682
         1        2.30300        1.62481
         0        2.63138        1.48137
         0      100.00000      100.00000
         0      100.00000      100.00000
         0        1.28663        0.00000
         0        1.29801        0.00000
         0        1.29878        0.00000
         0        1.35250        0.00000
         0      100.00000      100.00000
         0        1.43964        0.00000
         1        1.92853        0.40572
         0      100.00000      100.00000
         0        3.31603        1.74026
         0        1.59794        0.00000
         0      100.00000      100.00000
         0      100.00000      100.00000
         0      100.00000      100.00000
         0      100.00000      100.00000
         1        0.54698        0.49498
         0        3.83717        3.76058
         1        0.79455        0.70039
         0      100.00000      100.00000
         1        0.67666        0.56737
         1        0.65975        0.46677
         1        0.70735        0.46965
         0      100.00000      100.00000
         0      100.00000      100.00000
         0      100.00000      100.00000
         0      100.00000      100.00000
         1        0.75228        0.22717
         0      100.00000      100.00000
         0      100.00000      100.00000
         1        0.71647        0.84275
         0      100.00000      100.00000
         0      100.00000      100.00000
         0      100.00000      100.00000
         0      100.00000      100.00000
         0        0.86961        0.00000
         0      100.00000      100.00000
         0      100.00000      100.00000
         0      100.00000      100.00000
         0        1.02962        0.00000
         0      100.00000      100.00000
         0      100.00000      100.00000
         0        1.21880        0.00000
         0      100.00000      100.00000
         0      100.00000      100.00000
         0        1.28467        0.00000
         0      100.00000      100.00000
         0      100.00000      100.00000
         0      100.00000      100.00000
         0      100.00000      100.00000
         0        1.50794        0.00000
         0      100.00000      100.00000
         0      100.00000      100.00000
         0      100.00000      100.00000
         0      100.00000      100.00000
         0      100.00000      100.00000
         0      100.00000      100.00000
         0      100.00000      100.00000
         1        1.37969        1.31854
         0      100.00000      100.00000
         0      100.00000      100.00000
         0      100.00000      100.00000
         0      100.00000      100.00000
         1        0.73803        0.47622
         0      100.00000      100.00000
         1        1.07076        0.58414
         0      100.00000      100.00000
         0      100.00000      100.00000
         1        1.76476        1.12366
         0      100.00000      100.00000
         0        2.58694        1.81295
         0      100.00000      100.00000
         0        0.79379        0.00000
         0        0.82901        0.00000
         0      100.00000      100.00000
         1        0.96980        0.03991
         0      100.00000      100.00000
         0        0.57605        0.00000
         0      100.00000      100.00000
         0        1.00043        0.00000
         1        1.35920        0.30275
         0      100.00000      100.00000
         0        1.19587        0.00000
         0        1.19664        0.00000
         1        1.71731        0.46695
         0        1.31764        0.00000
         1        1.95072        0.61322
         1        1.71757        0.29690
         0        1.44971        0.00000
         0      100.00000      100.00000
         0        1.49580        0.00000
         1        1.75073        0.27754
         1        2.38561        1.88231
         0        1.71486        0.00000
         0      100.00000      100.00000
         1        1.30707        1.26491
         0      100.00000      100.00000
         0      100.00000      100.00000
         0      100.00000      100.00000
         1        0.66451        0.47881
         0      100.00000      100.00000
         1        2.16125        1.91713
         1        0.44270        0.64115
         0      100.00000      100.00000
         0      100.00000      100.00000
         0      100.00000      100.00000
         0      100.00000      100.00000
         1        0.43384        0.61212
         0      100.00000      100.00000
         0      100.00000      100.00000
         0      100.00000      100.00000
         0      100.00000      100.00000
         0      100.00000      100.00000
         0      100.00000      100.00000
         0      100.00000      100.00000
         0      100.00000      100.00000
         0      100.00000      100.00000
         0      100.00000      100.00000
         0      100.00000      100.00000
         0      100.00000      100.00000
         0      100.00000      100.00000
         0        1.17895        0.00000
         1        2.44550        1.21283
         0      100.00000      100.00000
         0      100.00000      100.00000
         0      100.00000      100.00000
         0      100.00000      100.00000
         1        1.73642        0.28048
         0      100.00000      100.00000
         0      100.00000      100.00000
         0      100.00000      100.00000
         0      100.00000      100.00000
         0      100.00000      100.00000
         1        0.85374        0.83487
         1        0.59735        0.56465
         1        0.59730        0.48091
         0        3.27403        3.11292
         1        0.85606        0.65871
         1        1.15622        0.93669
         0      100.00000      100.00000
         0      100.00000      100.00000
         0        3.40417        2.95565
         1        0.45924        0.01085
         1        0.85609        0.25727
         0      100.00000      100.00000
         0      100.00000      100.00000
         0      100.00000      100.00000
         0      100.00000      100.00000
         0      100.00000      100.00000
         0        0.79302        0.00000
         0        0.88761        0.00000
         0        0.90704        0.00000
         0      100.00000      100.00000
         0      100.00000      100.00000
         0        0.95815        0.00000
         0      100.00000      100.00000
         0        3.14825        2.00604
         0        1.15359        0.00000
         0      100.00000      100.00000
         0        1.20808        0.00000
         0        2.58922        1.31386
         0      100.00000      100.00000
         0        1.38672        0.00833
         0      100.00000      100.00000
         1        1.65028        0.21893
         0      100.00000      100.00000
         0      100.00000      100.00000
         0      100.00000      100.00000
         0        1.67258        0.00000
         0      100.00000      100.00000
         0      100.00000      100.00000
         0      100.00000      100.00000
         0      100.00000      100.00000
         0      100.00000      100.00000
         0        0.20196        0.00000
         0      100.00000      100.00000
         1        1.58461        1.15784
         0        0.43095        0.00000
         0      100.00000      100.00000
         0      100.00000      100.00000
         0      100.00000      100.00000
         0      100.00000      100.00000
         0        0.00000        0.36325
         1        2.08019        1.34625
         1        2.02818        1.25902
         0      100.00000      100.00000
         0      100.00000      100.00000
         0      100.00000      100.00000
         0      100.00000      100.00000
         0        2.57648        1.64102
         0      100.00000      100.00000
         0      100.00000      100.00000
         0        1.12464        0.00000
         0      100.00000      100.00000
         1        2.06888        0.93209
         0      100.00000      100.00000
         0      100.00000      100.00000
         0        1.27765        0.00000
         1        1.61931        0.25849
         0      100.00000      100.00000
         0        1.41378        0.00000
         0      100.00000      100.00000
         1        2.39597        0.98263
         0      100.00000      100.00000
         0      100.00000      100.00000
         0      100.00000      100.00000
         1        1.12894        1.03142
         0        3.06124        2.91900
         1        0.44037        0.26189
         0      100.00000      100.00000
         0      100.00000      100.00000
         0      100.00000      100.00000
         0      100.00000      100.00000
         1        0.89723        0.46771
         1        1.24322        0.66327
         0        2.83228        3.05402
         1        2.07315        1.36031
         0      100.00000      100.00000
         1        0.85560        0.12296
         1        1.20141        0.43355
         0      100.00000      100.00000
         1        1.36382        0.49508
         1        1.12908        0.24091
         1        1.29805        0.78315
         0        0.93416        0.00000
         0        0.93928        0.00000
         1        1.10128        0.10598
         0      100.00000      100.00000
         0      100.00000      100.00000
         0      100.00000      100.00000
         0      100.00000      100.00000
         0      100.00000      100.00000
         1        1.83409        0.55774
         0      100.00000      100.00000
         0      100.00000      100.00000
         0      100.00000      100.00000
         0      100.00000      100.00000
         1        1.54793        0.13589
         0        0.44212        0.00000
         0      100.00000      100.00000
         1        0.56737        0.48368
         0      100.00000      100.00000
         0      100.00000      100.00000
         1        1.02246        0.83563
         1        0.98476        1.15599
         0      100.00000      100.00000
         0      100.00000      100.00000
         0        0.41569        0.00000
         0      100.00000      100.00000
         0      100.00000      100.00000
         1        1.81756        1.11855
         1        1.09591        1.47429
         1        2.07283        1.35402
         0      100.00000      100.00000
         0        0.76032        0.00000
         0      100.00000      100.00000
         0        0.87434        0.00000
         0      100.00000      100.00000
         0        2.51875        1.59842
         0        0.92545        0.00000
         0      100.00000      100.00000
         0      100.00000      100.00000
         0        1.12089        0.00000
         1        2.09561        0.97395
         1        1.29110        0.11572
         0      100.00000      100.00000
         0        1.26252        0.00000
         0      100.00000      100.00000
         0      100.00000      100.00000
         0        1.39865        0.00000
         0      100.00000      100.00000
         0      100.00000      100.00000
         0      100.00000      100.00000
         0        1.63988        0.00000
         0      100.00000      100.00000
         1        0.73971        0.65875
         0      100.00000      100.00000
         0      100.00000      100.00000
         0      100.00000      100.00000
         0        3.30299        2.97086
         0        0.33200        0.00000
         1        0.73970        0.25727
         0      100.00000      100.00000
         0      100.00000      100.00000
         0      100.00000      100.00000
         0      100.00000      100.00000
         1        1.19952        0.52918
         0        0.67663        0.00000
         1        1.20916        0.43794
         0        0.79065        0.00000
         0      100.00000      100.00000
         1        0.92837        0.09173
         0      100.00000      100.00000
         1        0.94408        0.04630
         1        1.23441        0.20859
         0        1.03720        0.00000
         0      100.00000      100.00000
         0        1.09169        0.00000
         0      100.00000      100.00000
         0      100.00000      100.00000
         0      100.00000      100.00000
         0      100.00000      100.00000
         0      100.00000      100.00000
         0      100.00000      100.00000
         0      100.00000      100.00000
         0      100.00000      100.00000
         0        1.55619        0.00000
         1        0.51004        0.47380
         0      100.00000      100.00000
         1        0.47877        0.86293
         1        1.72955        1.44632
         0      100.00000      100.00000
         0        2.69003        2.40275
         0      100.00000      100.00000
         1        0.47877        0.84275
         0      100.00000      100.00000
         0      100.00000      100.00000
         0      100.00000      100.00000
         0      100.00000      100.00000
         0      100.00000      100.00000
         0      100.00000      100.00000
         0      100.00000      100.00000
         0      100.00000      100.00000
         0      100.00000      100.00000
         0        0.79716        0.00000
         0      100.00000      100.00000
         0      100.00000      100.00000
         0      100.00000      100.00000
         0      100.00000      100.00000
         0      100.00000      100.00000
         1        1.72830        0.61405
         0      100.00000      100.00000
         0      100.00000      100.00000
         1        1.51265        0.26633
         0      100.00000      100.00000
         0      100.00000      100.00000
         0        1.26980        0.00000
         0        2.77735        2.47747
         0      100.00000      100.00000
         0      100.00000      100.00000
         0      100.00000      100.00000
         0      100.00000      100.00000
         0      100.00000      100.00000
         1        0.65637        0.40533
         1        0.48648        0.08501
         0      100.00000      100.00000
         0      100.00000      100.00000
         0        2.74000        3.28303
         0      100.00000      100.00000
         0      100.00000      100.00000
         0      100.00000      100.00000
         1        0.95056        0.26030
         0        0.70969        0.00000
         0      100.00000      100.00000
         0      100.00000      100.00000
         1        0.77660        0.01580
         0        0.81682        0.00000
         0        0.94486        0.00000
         0        0.95624        0.00000
         0      100.00000      100.00000
         0      100.00000      100.00000
         0      100.00000      100.00000
         0      100.00000      100.00000
         0      100.00000      100.00000
         0      100.00000      100.00000
         0      100.00000      100.00000
         0        1.25617        0.00000
         0      100.00000      100.00000
         0      100.00000      100.00000
         0        1.47523        0.00000
         0        0.00000        0.44258
         0      100.00000      100.00000
         0      100.00000      100.00000
         0      100.00000      100.00000
         1        1.15886        0.77957
         0      100.00000      100.00000
         0        0.51218        0.00000
         0        0.00000        0.56521
         1        0.66630        0.13432
         0        0.56721        0.00000
         0        0.57349        0.00000
         0      100.00000      100.00000
         0      100.00000      100.00000
         0        0.31424        0.00000
         0      100.00000      100.00000
         0      100.00000      100.00000
         0      100.00000      100.00000
         0        0.92268        0.00000
         0        0.93406        0.00000
         0        0.93483        0.00000
         0        0.98934        0.00079
         0      100.00000      100.00000
         0        1.07569        0.00000
         1        1.56458        0.40572
         0      100.00000      100.00000
         1        1.43075        0.21893
         1        1.80345        0.56946
         0      100.00000      100.00000
         0      100.00000      100.00000
         0        1.45305        0.00000
         0      100.00000      100.00000
         0      100.00000      100.00000
         1        1.17288        0.58601
         0      100.00000      100.00000
         0        0.02018        0.00000
         1        2.07331        1.11855
         1        1.98440        2.19145
         0      100.00000      100.00000
         0      100.00000      100.00000
         1        1.15333        0.22201
         0      100.00000      100.00000
         0      100.00000      100.00000
         1        1.10053        0.34371
         0      100.00000      100.00000
         1        1.10777        0.01109
         0      100.00000      100.00000
         0      100.00000      100.00000
         0      100.00000      100.00000
         1        2.13665        0.75924
         0        1.43113        0.00000
         0      100.00000      100.00000
         0      100.00000      100.00000
         0      100.00000      100.00000
         0        1.54578        0.00000
         0      100.00000      100.00000
         0      100.00000      100.00000
         0      100.00000      100.00000
         0      100.00000      100.00000
         0      100.00000      100.00000
         0      100.00000      100.00000
         0      100.00000      100.00000
         1        1.48726        1.33278
         0        2.03557        2.68278
         0      100.00000      100.00000
         0      100.00000      100.00000
         1        0.69948        0.39231
         0      100.00000      100.00000
         0      100.00000      100.00000
         0      100.00000      100.00000
         0      100.00000      100.00000
         1        0.58482        0.49539
         0      100.00000      100.00000
         0      100.00000      100.00000
         0      100.00000      100.00000
         1        1.23872        0.54085
         1        1.33977        0.63052
         1        1.13344        0.42342
         0      100.00000      100.00000
         0        0.83102        0.00000
         0        0.85088        0.00000
         1        0.96522        0.03117
         0        0.96309        0.00000
         1        1.43328        0.44627
         1        1.48725        0.47807
         0        0.98979        0.00322
         1        0.58250        0.56585
         0        1.22824        0.00000
         0      100.00000      100.00000
         0      100.00000      100.00000
         0      100.00000      100.00000
         0      100.00000      100.00000
         0        0.00000        0.79420
         1        2.30979        2.00680
         1        1.67489        1.33668
         0      100.00000      100.00000
         0      100.00000      100.00000
         0      100.00000      100.00000
         0      100.00000      100.00000
         0        0.50451        0.00000
         0      100.00000      100.00000
         0      100.00000      100.00000
         0        0.69369        0.00000
         0      100.00000      100.00000
         0      100.00000      100.00000
         0      100.00000      100.00000
         0      100.00000      100.00000
         0      100.00000      100.00000
         1        1.13778        0.20791
         0      100.00000      100.00000
         0        0.98283        0.00000
         0      100.00000      100.00000
         1        1.84797        0.86558
         1        1.72738        1.71491
         0      100.00000      100.00000
         0        0.15043        0.00000
         1        0.55402        1.20528
         0       70.22697       69.94365
         0        2.50257        3.29664
         0      100.00000      100.00000
         0      100.00000      100.00000
         0        3.90633        3.56170
         1        0.92832        0.48910
         1        0.70285        0.24420
         0      100.00000      100.00000
         0      100.00000      100.00000
         1        0.62389        0.11413
         1        0.74139        0.17561
         0      100.00000      100.00000
         0      100.00000      100.00000
         0      100.00000      100.00000
         0      100.00000      100.00000
         0      100.00000      100.00000
         0      100.00000      100.00000
         0      100.00000      100.00000
         0      100.00000      100.00000
         0      100.00000      100.00000
         0      100.00000      100.00000
         0      100.00000      100.00000
         1        0.46772        0.45512
         0        1.22419        0.00000
         0      100.00000      100.00000
         1        0.49916        0.36627
         0        2.33229        3.27679
         0      100.00000      100.00000
         0      100.00000      100.00000
         0      100.00000      100.00000
         1        1.54852        1.25973
         1        0.99084        0.68262
         1        1.29212        1.35717
         0      100.00000      100.00000
         0      100.00000      100.00000
         1        1.29212        0.87677
         1        2.01856        1.47517
         1        0.81117        0.25640
         0      100.00000      100.00000
         0      100.00000      100.00000
         0      100.00000      100.00000
         0      100.00000      100.00000
         1        1.27481        0.49524
         0      100.00000      100.00000
         0      100.00000      100.00000
         1        0.87074        0.01604
         0        0.83209        0.00000
         0      100.00000      100.00000
         0        1.07376        0.00000
         0      100.00000      100.00000
         0      100.00000      100.00000
         0      100.00000      100.00000
         0      100.00000      100.00000
         0      100.00000      100.00000
         0      100.00000      100.00000
         0      100.00000      100.00000
         0      100.00000      100.00000
         0      100.00000      100.00000
         0        1.16103        0.00000
         0      100.00000      100.00000
         0      100.00000      100.00000
         0      100.00000      100.00000
         0      100.00000      100.00000
         0      100.00000      100.00000
         1        2.08758        0.60935
         0      100.00000      100.00000
         0      100.00000      100.00000
         0        1.61030        0.00000
         0      100.00000      100.00000
         0      100.00000      100.00000
         0      100.00000      100.00000
         1        0.69022        0.02636
         0      100.00000      100.00000
         1        0.04250        1.11989
         0        0.01980        0.00000
         1        0.14094        0.08592
         0      100.00000      100.00000
         0      100.00000      100.00000
         0      100.00000      100.00000
         1        1.81295        2.01089
         0      100.00000      100.00000
         1        1.11855        0.89211
         1        1.36031        1.07785
         0      100.00000      100.00000
         0      100.00000      100.00000
         0        0.42904        0.00639
         0        0.47637        0.00000
         0      100.00000      100.00000
         0      100.00000      100.00000
         0      100.00000      100.00000
         1        1.52322        0.84750
         0      100.00000      100.00000
         0        0.72181        0.00000
         0      100.00000      100.00000
         1        0.14810        0.41882
         0      100.00000      100.00000
         1        1.23152        0.13433
         1        1.25144        0.11903
         1        2.20524        1.06654
         0      100.00000      100.00000
         0      100.00000      100.00000
         1        2.43769        1.55824
         1        1.95911        0.60784
         0      100.00000      100.00000
         1        2.43769        1.07784
         0        1.48789        0.00000
         0      100.00000      100.00000
         0        1.50004        0.00000
         0        1.55376        0.00000
         0      100.00000      100.00000
         0      100.00000      100.00000
         0      100.00000      100.00000
         0      100.00000      100.00000
         1        1.99594        0.21891
         0      100.00000      100.00000
         0      100.00000      100.00000
         0      100.00000      100.00000
         0      100.00000      100.00000
         1        0.11187        0.07665
         0      100.00000      100.00000
         1        1.02014        0.88403
         1        0.65427        0.49874
         0        0.00000        0.21774
         1        1.73545        1.53393
         0      100.00000      100.00000
         0        0.26266        0.00000
         1        2.00681        1.61611
         0      100.00000      100.00000
         1        0.68106        0.27821
         0        0.45657        0.00000
         0        0.52385        0.00000
         0        0.54371        0.00000
         0      100.00000      100.00000
         0        0.65592        0.00000
         0      100.00000      100.00000
         0      100.00000      100.00000
         0        0.67940        0.00000
         1        0.06897        0.35949
         0      100.00000      100.00000
         0       15.38184       15.37555
         1        0.14393        0.04305
         1        0.14393        0.02362
         1        0.80748        1.06044
         1        1.88440        1.71810
         0      100.00000      100.00000
         1        0.53787        0.31043
         1        1.60386        1.24838
         0      100.00000      100.00000
         1        0.64584        0.27821
         0      100.00000      100.00000
         0      100.00000      100.00000
         0        0.50849        0.00000
         0      100.00000      100.00000
         0        0.62070        0.00000
         0      100.00000      100.00000
         0      100.00000      100.00000
         0        0.64418        0.00000
         0        0.00000        0.69930
         0      100.00000      100.00000
         0        0.09459        0.00000
         0        0.11402        0.00000
         0      100.00000      100.00000
         1        1.86914        1.70913
         0        0.16513        0.00000
         0      100.00000      100.00000
         0      100.00000      100.00000
         0        0.36057        0.00000
         0      100.00000      100.00000
         0        0.41506        0.00000
         0      100.00000      100.00000
         0      100.00000      100.00000
         0      100.00000      100.00000
         0      100.00000      100.00000
         0      100.00000      100.00000
         0      100.00000      100.00000
         0      100.00000      100.00000
         0      100.00000      100.00000
         0      100.00000      100.00000
         1        0.47225        0.45282
         1        0.36852        0.72236
         1        0.09895        0.03353
         0        0.07054        0.00000
         1        0.48910        0.36254
         0      100.00000      100.00000
         0      100.00000      100.00000
         0        0.26675        0.00000
         0      100.00000      100.00000
         0      100.00000      100.00000
         0        0.40761        0.00000
         0      100.00000      100.00000
         0      100.00000      100.00000
         0      100.00000      100.00000
         0      100.00000      100.00000
         0        0.54330        0.00000
         1        0.48910        0.91572
         0      100.00000      100.00000
         1        0.34823        0.72150
         0        0.04599        0.00000
         0        0.05111        0.00000
         1        0.24420        0.13707
         0      100.00000      100.00000
         0        0.24655        0.00000
         0      100.00000      100.00000
         0      100.00000      100.00000
         0      100.00000      100.00000
         0        0.38818        0.00000
         0      100.00000      100.00000
         0      100.00000      100.00000
         0      100.00000      100.00000
         0      100.00000      100.00000
         0        0.52387        0.00000
         1        0.24074        0.68679
         0        0.76554        0.00000
         0      100.00000      100.00000
         0        0.42438        0.00000
         1        0.72152        0.24112
         0      100.00000      100.00000
         0        0.61982        0.00000
         0        0.62059        0.00000
         0      100.00000      100.00000
         0      100.00000      100.00000
         1        1.33654        0.57509
         0        0.84462        0.00000
         0        0.87366        0.00000
         0      100.00000      100.00000
         1        1.35717        0.43742
         0        0.89714        0.00000
         1        0.34372        0.41650
         0        1.13881        0.00000
         0      100.00000      100.00000
         0      100.00000      100.00000
         1        1.07638        0.93976
         0      100.00000      100.00000
         1        1.66735        1.46602
         0      100.00000      100.00000
         0      100.00000      100.00000
         0        0.34219        0.00000
         0      100.00000      100.00000
         0      100.00000      100.00000
         0      100.00000      100.00000
         0      100.00000      100.00000
         1        1.65980        1.18192
         1        0.45134        0.94338
         0      100.00000      100.00000
         0      100.00000      100.00000
         0      100.00000      100.00000
         0        0.19544        0.00000
         0      100.00000      100.00000
         0        0.24993        0.00000
         0      100.00000      100.00000
         0      100.00000      100.00000
         0      100.00000      100.00000
         0        0.44928        0.00000
         0      100.00000      100.00000
         0      100.00000      100.00000
         0      100.00000      100.00000
         0      100.00000      100.00000
         0        0.71443        0.00000
         0      100.00000      100.00000
         0      100.00000      100.00000
         0      100.00000      100.00000
         0      100.00000      100.00000
         0      100.00000      100.00000
         1        0.85615        0.57510
         1        0.87677        0.51255
         0        0.39326        0.00000
         0      100.00000      100.00000
         1        0.87675        0.43740
         0        0.41674        0.00000
         1        0.10597        0.65915
         0      100.00000      100.00000
         0      100.00000      100.00000
         0      100.00000      100.00000
         0      100.00000      100.00000
         1        0.42482        0.29167
         1        1.24838        1.09537
         1        0.38871        0.15253
         0      100.00000      100.00000
         0        6.12593        5.83679
         1        0.35057        0.03926
         1        0.57566        0.28644
         1        1.27135        1.95257
         0      100.00000      100.00000
         0        0.00077        0.00000
         0        0.05449        0.00000
         1        0.26006        0.13829
         1        0.71673        0.57510
         1        0.63052        0.40572
         0        0.25384        0.00000
         1        0.49669        0.21893
         0        0.29993        0.00000
         0      100.00000      100.00000
         0      100.00000      100.00000
         0        0.51899        0.00000
         1        0.97395        0.92023
         1        0.42344        0.30244
         0        0.14086        0.00000
         0      100.00000      100.00000
         0        0.25307        0.00000
         0        0.27699        0.00000
         0      100.00000      100.00000
         1        0.52514        0.24859
         0      100.00000      100.00000
         0      100.00000      100.00000
         0      100.00000      100.00000
         0        0.08714        0.00000
         0        0.17864        0.00833
         0      100.00000      100.00000
         1        0.44220        0.21893
         0      100.00000      100.00000
         0      100.00000      100.00000
         0      100.00000      100.00000
         0        0.46450        0.00000
         0        0.01986        0.00000
         0        0.10303        0.00000
         0        0.13207        0.00000
         0        0.15599        0.00000
         1        0.19501        0.01685
         0        0.15555        0.00000
         0      100.00000      100.00000
         0        0.39722        0.00000
         0      100.00000      100.00000
         1        0.61320        0.50099
         0      100.00000      100.00000
         0      100.00000      100.00000
         1        0.44206        0.30637
         1        0.27158        1.10581
         0      100.00000      100.00000
         0      100.00000      100.00000
         1        0.40572        0.35276
         1        0.49524        0.42011
         1        0.32583        0.27331
         0      100.00000      100.00000
         0        0.29419        0.00000
         0      100.00000      100.00000
         0      100.00000      100.00000
         1        0.29741        0.27393
         1        0.15847        1.10491
         0        0.26515        0.00000
         1        0.79997        0.77780
         0      100.00000      100.00000
         0      100.00000      100.00000
         0        0.24123        0.00000
         1        0.01685        0.03946
         0      100.00000      100.00000
         0        0.21906        0.00000
         1        0.14315        1.11307
         0      100.00000      100.00000
         0      100.00000      100.00000
